"MonthYear","Depression","Anxiety","Average_New_Cases_per_100"
"2020-06",24.99,30.54,25.1254
"2020-07",27.86,34.34,53.035
"2020-08",23.63,30.71,41.03331
"2020-09",24.14,31.35,41.203
"2020-10",25.05,32.02,65.1985
"2020-11",27.77,36.27,151.8355
"2020-12",29.31,36.02,203.932
"2021-01",28.12,35.32,208.64575
"2021-02",27.55,34.02,112.022
"2021-03",25.77,31.05,61.25833
"2021-04",22.61,26.9,52.01975
"2021-05",21.49,25.79,29.6225
"2021-06",21.18,25.67,13.542
"2021-07",21.17,24.97,16.53184
"2021-08",23.09,28.11,123.479
"2021-09",23.36,28.91,124.8545
"2021-10",23.03,28.14,70.589
"2021-12",22.8,28.04,63.967
"2022-01",23.91,28.98,448.743
"2022-02",23.14,28.23,104.762
"2022-03",22.6,28.37,13.70443
"2022-04",22.78,28.09,14.053
"2022-05",22.57,27.36,29.56151
"2022-06",23.47,29.67,37.707
"2022-07",24.29,30.15,55.577
"2022-08",22.87,29.04,33.241
"2022-09",25.13,32.65,16.98829
"2022-10",25.7,32.25,6.05
"2022-11",24.7,31.74,0
"2022-12",24.29,29.89,0
"2023-01",22.69,28.23,0
"2023-02",22.79,28.95,0
"2023-03",22.8,29.2,0
"2023-04",22.06,28.96,0
"2023-05",22.46,28.6,0
"2023-06",22.31,28.99,0
"2023-07",23.04,28.49,0
"2023-08",22.64,29.02,0
"2023-09",20.05,25.45,0
